0,28.254395961761475
1,28.030136108398438
2,27.834741830825806
3,27.547396898269653
4,27.129440784454346
5,26.467785835266113
6,25.408707857131958
7,22.807229042053223
8,16.56214451789856
9,14.63079035282135
10,13.038825988769531
11,11.930819988250732
12,11.01219493150711
13,10.21264761686325
14,9.559101700782776
15,9.051018416881561
16,8.645842671394348
17,8.317803740501404
18,8.053859949111938
19,7.846914172172546
20,7.704057693481445
21,7.596373617649078
22,7.51866614818573
23,7.432681083679199
24,7.375168740749359
25,7.320957779884338
26,7.271383345127106
27,7.228791177272797
28,7.191514790058136
29,7.156633973121643
30,7.121923446655273
31,7.095180809497833
32,7.065228283405304
33,7.045078754425049
34,7.013840198516846
35,6.99053567647934
36,6.967539608478546
37,6.94775778055191
38,6.918146371841431
39,6.896332621574402
40,6.871271371841431
41,6.8525829911231995
42,6.827534377574921
43,6.809813976287842
44,6.78886353969574
45,6.767687737941742
46,6.750496685504913
47,6.725631058216095
48,6.70475310087204
49,6.675297915935516
50,6.657993793487549
51,6.637671530246735
52,6.6089184284210205
53,6.586760699748993
54,6.571452021598816
55,6.548602342605591
56,6.532118380069733
57,6.510133445262909
58,6.5061123967170715
59,6.477743566036224
60,6.464736223220825
61,6.449598610401154
62,6.429192662239075
63,6.4227980971336365
64,6.414411544799805
65,6.3983540534973145
66,6.387891888618469
67,6.380529999732971
68,6.359596252441406
69,6.352374970912933
70,6.344711720943451
71,6.335362076759338
72,6.326170325279236
73,6.314677894115448
74,6.307944238185883
75,6.306321203708649
76,6.283231198787689
77,6.286230444908142
78,6.269034743309021
79,6.264810860157013
80,6.254032731056213
81,6.253762483596802
82,6.2440654039382935
83,6.241649627685547
84,6.229509949684143
85,6.216029644012451
86,6.209879994392395
87,6.205920696258545
88,6.205482125282288
89,6.19257378578186
90,6.190550088882446
91,6.182314336299896
92,6.182396411895752
93,6.17498779296875
94,6.173079133033752
95,6.1620548367500305
96,6.154403507709503
97,6.17049777507782
98,6.157184898853302
99,6.1465572118759155
100,6.13905343413353
101,6.135850548744202
102,6.132385730743408
103,6.135736674070358
104,6.125720947980881
105,6.129471004009247
106,6.12504917383194
107,6.115867078304291
108,6.116136014461517
109,6.118311822414398
110,6.108432412147522
111,6.107223927974701
112,6.107880532741547
113,6.101805627346039
114,6.094960868358612
115,6.0928438901901245
116,6.09528648853302
117,6.0866201519966125
118,6.088919460773468
119,6.083425760269165
120,6.086981028318405
121,6.079492837190628
122,6.079047858715057
123,6.075914293527603
124,6.075458854436874
125,6.080926299095154
126,6.069076359272003
127,6.064203917980194
128,6.059090107679367
129,6.061751157045364
130,6.062442183494568
131,6.058305889368057
132,6.050374537706375
133,6.059703350067139
134,6.047963947057724
135,6.046014875173569
136,6.045592367649078
137,6.0436674654483795
138,6.0475820899009705
139,6.039885640144348
140,6.039648652076721
141,6.031754523515701
142,6.02964723110199
143,6.03413388133049
144,6.029588133096695
145,6.032209604978561
146,6.024038404226303
147,6.024533063173294
148,6.019711822271347
149,6.01641121506691
150,6.022086530923843
151,6.017181158065796
152,6.017879158258438
153,6.017348945140839
154,6.011631488800049
155,6.009333938360214
156,6.008534491062164
157,6.00475350022316
158,6.007017225027084
159,6.005962401628494
160,6.000025242567062
161,6.004017561674118
162,6.006121665239334
163,6.00273135304451
164,5.994200766086578
165,5.997862070798874
166,5.994216650724411
167,5.9933255314826965
168,5.993262588977814
169,6.000243186950684
170,5.990644544363022
171,5.992415696382523
172,5.9899818897247314
173,5.991846829652786
174,5.9863433837890625
175,5.982559889554977
176,5.9821851551532745
177,5.981803297996521
178,5.986642807722092
179,5.982775419950485
180,5.983552128076553
181,5.9816577434539795
182,5.984036505222321
183,5.976222932338715
184,5.976019769906998
185,5.98277160525322
186,5.977121740579605
187,5.987297058105469
188,5.9750551879405975
189,5.972858041524887
190,5.9749979972839355
191,5.9687598049640656
192,5.970941096544266
193,5.970494657754898
194,5.967676520347595
195,5.967362940311432
196,5.969653397798538
197,5.972469389438629
198,5.965046614408493
199,5.973657578229904
200,5.96078035235405
201,5.963505208492279
202,5.962911874055862
203,5.9619543850421906
204,5.9643566608428955
205,5.958269834518433
206,5.960673242807388
207,5.958478391170502
208,5.959767758846283
209,5.957798570394516
210,5.955756366252899
211,5.953733682632446
212,5.9554635882377625
213,5.958134949207306
214,5.954009771347046
215,5.957142889499664
216,5.952667534351349
217,5.950503826141357
218,5.954398810863495
219,5.954000234603882
220,5.956499844789505
221,5.952802240848541
222,5.950881391763687
223,5.950922846794128
224,5.950838565826416
225,5.94813472032547
226,5.94756218791008
227,5.943193137645721
228,5.947799950838089
229,5.943850636482239
230,5.946316599845886
231,5.942006438970566
232,5.944245845079422
233,5.9393890500068665
234,5.944260239601135
235,5.936820775270462
236,5.938279867172241
237,5.939795613288879
238,5.935042917728424
239,5.942646861076355
240,5.937059015035629
241,5.935947448015213
242,5.932898193597794
243,5.941095560789108
244,5.932937204837799
245,5.934966146945953
246,5.935624569654465
247,5.933694422245026
248,5.933023035526276
249,5.932298421859741
250,5.9306433498859406
251,5.927881121635437
252,5.931034952402115
253,5.9317145347595215
254,5.930472731590271
255,5.927798002958298
256,5.93063685297966
257,5.926200777292252
258,5.9255775809288025
259,5.925035715103149
260,5.9226334393024445
261,5.922775477170944
262,5.923771947622299
263,5.923755556344986
264,5.92285543680191
265,5.920433282852173
266,5.927679568529129
267,5.930353760719299
268,5.917809993028641
269,5.925797879695892
270,5.9164725840091705
271,5.9209885597229
272,5.915959358215332
273,5.918336004018784
274,5.916611135005951
275,5.916182339191437
276,5.911246061325073
277,5.912336140871048
278,5.910039782524109
279,5.91791570186615
280,5.909580230712891
281,5.909872651100159
282,5.915803164243698
283,5.911643177270889
284,5.908727556467056
285,5.908052295446396
286,5.917495012283325
287,5.907100290060043
288,5.908362716436386
289,5.905269831418991
290,5.90911528468132
291,5.90488064289093
292,5.903249949216843
293,5.904538542032242
294,5.9007580280303955
295,5.902415424585342
296,5.903884589672089
297,5.8993639051914215
298,5.905928134918213
299,5.8988547921180725
