0,1.90129687388738
1,1.8950162728627522
2,1.8893633484840393
3,1.884278158346812
4,1.8797316551208496
5,1.8756038546562195
6,1.8717253009478252
7,1.8680906295776367
8,1.8646752039591472
9,1.8614900708198547
10,1.8584139545758565
11,1.855465034643809
12,1.8526233235994976
13,1.8498822450637817
14,1.84712415933609
15,1.8445351123809814
16,1.8419814904530842
17,1.8395732045173645
18,1.8372602264086406
19,1.8349173069000244
20,1.8327661951382954
21,1.8305941422780354
22,1.8285754919052124
23,1.8266395330429077
24,1.8247021238009136
25,1.8229031364123027
26,1.8211000959078472
27,1.8194189071655273
28,1.8178054491678874
29,1.8162337342898052
30,1.8146824439366658
31,1.813191572825114
32,1.8118093212445576
33,1.8104175329208374
34,1.809076448281606
35,1.8077826102574666
36,1.8065203229586284
37,1.8053335547447205
38,1.8041862448056538
39,1.8031456073125203
40,1.802081783612569
41,1.8011183341344197
42,1.8001684347788494
43,1.7992729147275288
44,1.798443078994751
45,1.7976226607958476
46,1.7967917521794636
47,1.7960126399993896
48,1.795304278532664
49,1.7946186264355977
50,1.7939915855725606
51,1.7933120727539062
52,1.7927297353744507
53,1.792108456293742
54,1.7915281454722087
55,1.7909849882125854
56,1.7903829614321392
57,1.7898778716723125
58,1.789320965607961
59,1.7888077696164448
60,1.7882860501607258
61,1.7877968351046245
62,1.7873409787813823
63,1.7868646383285522
64,1.7864073912302654
65,1.7859727342923482
66,1.785565932591756
67,1.785049299399058
68,1.7845709522565205
69,1.7841702103614807
70,1.7837008436520894
71,1.7832823991775513
72,1.782854159673055
73,1.782420555750529
74,1.7819870313008626
75,1.7815818389256795
76,1.781118134657542
77,1.780691881974538
78,1.7802889148394268
79,1.7798556486765544
80,1.7794607679049175
81,1.7790880799293518
82,1.7786835432052612
83,1.7782719731330872
84,1.7778882185618083
85,1.7774967749913533
86,1.7770946423212688
87,1.7766952912012737
88,1.7762915690739949
89,1.7759170532226562
90,1.7755371928215027
91,1.7751473188400269
92,1.7747328678766887
93,1.774405876795451
94,1.7740251819292705
95,1.773694117863973
96,1.7732932766278584
97,1.7729405760765076
98,1.7725722988446553
99,1.7722098231315613
100,1.771858851114909
101,1.7715089519818623
102,1.7711771726608276
103,1.7708473602930705
104,1.7704547842343648
105,1.7701544960339863
106,1.7698376178741455
107,1.7694722414016724
108,1.7691623171170552
109,1.768800397713979
110,1.7684861620267232
111,1.768143653869629
112,1.7678057154019673
113,1.7674760818481445
114,1.7671571175257366
115,1.7668600877126057
116,1.7664930820465088
117,1.7662224570910137
118,1.7658754984537761
119,1.765556315581004
120,1.765232225259145
121,1.7649162809054058
122,1.764619251092275
123,1.7642839153607686
124,1.763996918996175
125,1.7636765440305073
126,1.7633423209190369
127,1.763059139251709
128,1.7627511620521545
129,1.7624493837356567
130,1.7621818979581196
131,1.761853535970052
132,1.7615873416264851
133,1.7612531979878743
134,1.7609724799791973
135,1.760690967241923
136,1.7603665192921956
137,1.7601160605748494
138,1.7597784598668416
139,1.7594884435335796
140,1.7591824134190877
141,1.758949379126231
142,1.7586451371510823
143,1.7583267092704773
144,1.7580629388491313
145,1.7577561140060425
146,1.757493793964386
147,1.7572349707285564
148,1.7569698691368103
149,1.7567204435666401
150,1.756428102652232
151,1.7561742464701335
152,1.755910575389862
153,1.755636215209961
154,1.755373239517212
155,1.7551080584526062
156,1.7548541625340779
157,1.754619061946869
158,1.7543708483378093
159,1.754079560438792
160,1.7538574735323589
161,1.753609041372935
162,1.7533620595932007
163,1.7531049847602844
164,1.7528725465138753
165,1.752612292766571
166,1.7523888945579529
167,1.7521428068478901
168,1.7518803079922993
169,1.7516192595163982
170,1.7514011859893799
171,1.7511564294497173
172,1.750901202360789
173,1.750702977180481
174,1.7504284381866455
175,1.7501843571662903
176,1.7499560515085857
177,1.749745746453603
178,1.749545693397522
179,1.749264617760976
180,1.749025781949361
181,1.7488192319869995
182,1.7485716541608174
183,1.7483375072479248
184,1.748168448607127
185,1.7478679021199544
186,1.747687578201294
187,1.7474572857220967
188,1.7472487886746724
189,1.746981143951416
190,1.7467927535374959
191,1.7465752164522808
192,1.7463460564613342
193,1.7461419105529785
194,1.745928406715393
195,1.7456802328427632
196,1.745517909526825
197,1.7453054388364155
198,1.7450813452402751
199,1.7448466618855794
200,1.744614064693451
201,1.7444243629773457
202,1.7442054748535156
203,1.744003136952718
204,1.7437958121299744
205,1.7435733079910278
206,1.7433834473292034
207,1.7431793212890625
208,1.742957592010498
209,1.742764155069987
210,1.7425647377967834
211,1.742305298646291
212,1.7421141465504963
213,1.741908888022105
214,1.7417004307111104
215,1.7415083249409993
216,1.7412888407707214
217,1.741086522738139
218,1.7408764362335205
219,1.7406448125839233
220,1.7404884298642476
221,1.7403235634167988
222,1.7400498986244202
223,1.7399738629659016
224,1.7396977146466572
225,1.7394608855247498
226,1.7392790118853252
227,1.7390451629956563
228,1.7388702034950256
229,1.7386346062024434
230,1.738491992155711
231,1.7383069197336833
232,1.738092839717865
233,1.7378690044085185
234,1.7376808722813923
235,1.7375083764394124
236,1.737306038538615
237,1.7371333241462708
238,1.7369351585706074
239,1.7367627422014873
240,1.7365424434343975
241,1.736360490322113
242,1.736195981502533
243,1.7360263466835022
244,1.735784649848938
245,1.7355936566988628
246,1.735415776570638
247,1.7351842721303303
248,1.7350059350331624
249,1.734796663125356
250,1.734611173470815
251,1.7343960801760356
252,1.7341974178949993
253,1.7340429226557414
254,1.733821948369344
255,1.7336512605349224
256,1.733463724454244
257,1.7332409620285034
258,1.7331161101659138
259,1.7329511841138203
260,1.732692023118337
261,1.732555905977885
262,1.732369343439738
263,1.7321745157241821
264,1.7319358189900715
265,1.7317737539609273
266,1.7315721710522969
267,1.7314481337865193
268,1.7312011917432149
269,1.7310266296068828
270,1.7308316429456074
271,1.7306615908940632
272,1.7305255929629009
273,1.7303179105122883
274,1.7301543951034546
275,1.7299546996752422
276,1.7298438549041748
277,1.7296180923779805
278,1.7294200857480366
279,1.7292347153027852
280,1.7290721734364827
281,1.7289130489031475
282,1.7287307778994243
283,1.7285473942756653
284,1.7283362746238708
285,1.728188693523407
286,1.727998157342275
287,1.7278844316800435
288,1.7276692986488342
289,1.72749259074529
290,1.7273569107055664
291,1.7271668116251628
292,1.7269768714904785
293,1.7268115878105164
294,1.7266531785329182
295,1.7264692783355713
296,1.726325551668803
297,1.7261235912640889
298,1.7259920040766399
299,1.725933829943339
300,1.7256770730018616
301,1.7254598538080852
302,1.7253544330596924
303,1.725142816702525
304,1.7250481446584065
305,1.7248387336730957
306,1.7246493299802144
307,1.7244577805201213
308,1.7243347764015198
309,1.7241438627243042
310,1.7239878177642822
311,1.7238399386405945
312,1.7236600716908772
313,1.7235004305839539
314,1.7233466903368633
315,1.7231849034627278
316,1.7230096856753032
317,1.7228692372639973
318,1.722703456878662
319,1.722515861193339
320,1.7223894198735554
321,1.7223551074663799
322,1.7220832506815593
323,1.721931238969167
324,1.7217577894528706
325,1.7215872406959534
326,1.7213983138402302
327,1.7212268511454265
328,1.7211320201555889
329,1.7209911147753398
330,1.7207869688669841
331,1.7206003467241924
332,1.720424513022105
333,1.7203189134597778
334,1.7201505700747173
335,1.719955563545227
336,1.7198641896247864
337,1.7196435729662578
338,1.7195223371187847
339,1.719334085782369
340,1.7191467086474101
341,1.7190480629603069
342,1.718862255414327
343,1.7186962962150574
344,1.718557318051656
345,1.7184112270673115
346,1.718250036239624
347,1.7180890043576558
348,1.7179025808970134
349,1.7177698214848836
350,1.7176109949747722
351,1.7174627780914307
352,1.717284878094991
353,1.717194676399231
354,1.7170476118723552
355,1.716911494731903
356,1.7166746258735657
357,1.7165300250053406
358,1.7163410186767578
359,1.7162195245424907
360,1.7160228093465169
361,1.7159416675567627
362,1.7157472372055054
363,1.7155666947364807
364,1.7154450416564941
365,1.7153059045473735
366,1.7151163617769878
367,1.7149424354235332
368,1.7148127555847168
369,1.71471110979716
370,1.7145250240961711
371,1.7143563032150269
372,1.7141989469528198
373,1.7140608231226604
374,1.7139318982760112
375,1.713753342628479
376,1.7136393189430237
377,1.7134714325269063
378,1.7133219242095947
379,1.7131669322649639
380,1.712989052136739
381,1.7128361463546753
382,1.7127252221107483
383,1.7125323414802551
384,1.7123668988545735
385,1.7122189203898113
386,1.7120591799418132
387,1.7119164665540059
388,1.7117441693941753
389,1.711632788181305
390,1.7114471793174744
391,1.7112663984298706
392,1.7111063599586487
393,1.7109863956769307
394,1.7108837962150574
395,1.7107178171475728
396,1.7105336586634319
397,1.71038822333018
398,1.7102750539779663
399,1.7100378672281902
400,1.709922969341278
401,1.7097425262133281
402,1.7096831798553467
403,1.7094478209813435
404,1.7094241778055828
405,1.7091595927874248
406,1.708983302116394
407,1.7088746428489685
408,1.7087216973304749
409,1.708583414554596
410,1.7084415157636006
411,1.7082651853561401
412,1.7081156174341838
413,1.7079389095306396
414,1.7077655990918477
415,1.7077576120694478
416,1.7074560523033142
417,1.707290530204773
418,1.7071640292803447
419,1.707021951675415
420,1.7068796753883362
421,1.706756869951884
422,1.7066008845965068
423,1.7064196666081746
424,1.7063222726186116
425,1.706215461095174
426,1.7060170968373616
427,1.7058316469192505
428,1.7056735356648762
429,1.7055409948031108
430,1.7054182688395183
431,1.7052295009295146
432,1.70511390765508
433,1.7049055298169453
434,1.7047663927078247
435,1.7046637336413066
436,1.7045080463091533
437,1.7043345371882122
438,1.7041677832603455
439,1.7040842771530151
440,1.7038634618123372
441,1.7037482261657715
442,1.7036155263582866
443,1.7034841577212017
444,1.703290621439616
445,1.7031640807787578
446,1.7029638489087422
447,1.7028239170710247
448,1.7026991645495098
449,1.7025707960128784
450,1.7024053931236267
451,1.7022784948349
452,1.702092468738556
453,1.702058772246043
454,1.7018375396728516
455,1.7016602754592896
456,1.7015494108200073
457,1.7013711134592693
458,1.7012791434923809
459,1.7011521458625793
460,1.7009920080502827
461,1.700777570406596
462,1.7006316979726155
463,1.7005297144254048
464,1.7004022200902302
465,1.7002708911895752
466,1.7002804080645244
467,1.6999051173528035
468,1.6997834245363872
469,1.6996368765830994
470,1.6994669834772747
471,1.6993858019510906
472,1.6991785963376362
473,1.6990659435590107
474,1.6990268627802532
475,1.6987590392430623
476,1.698648750782013
477,1.698479135831197
478,1.698407252629598
479,1.6981745759646099
480,1.6980249683062236
481,1.697879950205485
482,1.6977100570996602
483,1.6976040601730347
484,1.69743150472641
485,1.6973559061686199
486,1.6972080667813618
487,1.697010378042857
488,1.6968844334284465
489,1.6967788139979045
490,1.6966046690940857
491,1.6965240836143494
492,1.696388065814972
493,1.6961761514345806
494,1.6960479815800984
495,1.695893903573354
496,1.6957555611928303
497,1.6956016222635906
498,1.6954188346862793
499,1.6952818036079407
500,1.6951619187990825
501,1.695037305355072
502,1.6948672533035278
503,1.694729467233022
504,1.6945805549621582
505,1.694455126921336
506,1.694323201974233
507,1.6941693027814229
508,1.6940008799235027
509,1.6938796242078145
510,1.6937120358149211
511,1.6935705542564392
512,1.693466603755951
513,1.693340281645457
514,1.6931544542312622
515,1.69301172097524
516,1.6929373145103455
517,1.6927335063616435
518,1.692634105682373
519,1.6924858887990315
520,1.6922580798467
521,1.6921438574790955
522,1.692075490951538
523,1.6918480197588603
524,1.6916932662328084
525,1.6916297872861226
526,1.6914891203244526
527,1.6913237770398457
528,1.6912066340446472
529,1.6910253961881
530,1.6908487677574158
531,1.6907567381858826
532,1.6905919909477234
533,1.6905153393745422
534,1.6903693874677022
535,1.6902427474657695
536,1.6900620857874553
537,1.6898574829101562
538,1.6897680362065632
539,1.6896483699480693
540,1.6895738045374553
541,1.689376413822174
542,1.6891829371452332
543,1.689083456993103
544,1.6888813773790996
545,1.688777764638265
546,1.6886119643847148
547,1.6885177691777546
548,1.6883318225542705
549,1.688264509042104
550,1.6880632440249126
551,1.6879889567693074
552,1.6877662340799968
553,1.6876346866289775
554,1.6876055200894673
555,1.6873525977134705
556,1.6872559785842896
557,1.687073787053426
558,1.6869200666745503
559,1.6867751479148865
560,1.6866276860237122
561,1.6865638891855876
562,1.6864120364189148
563,1.6862087647120159
564,1.6861032843589783
565,1.6859459082285564
566,1.6858300964037578
567,1.6857046882311504
568,1.685613493124644
569,1.6854437390963237
570,1.6853056351343791
571,1.6850907405217488
572,1.6849707961082458
573,1.684811810652415
574,1.6847059329350789
575,1.6845712264378865
576,1.684374252955119
577,1.6842920184135437
578,1.6841691136360168
579,1.6839431722958882
580,1.6838307778040569
581,1.6836817065874736
582,1.6836398243904114
583,1.6833829283714294
584,1.6832973162333171
585,1.6830930312474568
586,1.6829833189646404
587,1.6828202207883198
588,1.682668149471283
589,1.6825476288795471
590,1.6823808153470357
591,1.6823571523030598
592,1.682202438513438
593,1.6819868485132854
594,1.6819058259328206
595,1.6817166209220886
596,1.681584894657135
597,1.6813947955767314
598,1.6812893946965535
599,1.6811031897862752
600,1.6810178558031719
601,1.680851439634959
602,1.6807833313941956
603,1.680586536725362
604,1.680521547794342
605,1.6803006529808044
606,1.6801868677139282
607,1.679985781510671
608,1.6799607078234355
609,1.6797284483909607
610,1.6795712908109028
611,1.6794366439183552
612,1.6793298125267029
613,1.6791388392448425
614,1.679107924302419
615,1.6788978377978008
616,1.678746263186137
617,1.6785928805669148
618,1.6785447994867961
619,1.6783190965652466
620,1.6782877445220947
621,1.678149938583374
622,1.678002615769704
623,1.6777366797129314
624,1.6776484449704487
625,1.6775494813919067
626,1.6773526668548584
627,1.6772607564926147
628,1.6770853598912556
629,1.6769788066546123
630,1.6767728328704834
631,1.6766119798024495
632,1.6764378945032756
633,1.6764280597368877
634,1.67620982726415
635,1.6761401494344075
636,1.6758992870648701
637,1.6757738590240479
638,1.6756633122762044
639,1.675472875436147
640,1.6754192113876343
641,1.6752467552820842
642,1.6750872135162354
643,1.67495063940684
644,1.674851616223653
645,1.674720565478007
646,1.6745195587476094
647,1.6743952631950378
648,1.6742730339368184
649,1.6741022666295369
650,1.6739084720611572
651,1.6737655599912007
652,1.6737772425015767
653,1.673563539981842
654,1.6734072764714558
655,1.6733100215593975
656,1.6730684638023376
657,1.6730095545450847
658,1.6729602217674255
659,1.6727141936620076
660,1.6725966930389404
661,1.6723878184954326
662,1.6722665031750996
663,1.672092040379842
664,1.672013024489085
665,1.671881655852
666,1.6716222961743672
667,1.67156587044398
668,1.671480397383372
669,1.6713069677352905
670,1.6711204449335735
671,1.6709368626276653
672,1.6708558797836304
673,1.6707131663958232
674,1.6705316305160522
675,1.6704079906145732
676,1.6702564557393391
677,1.6700581709543865
678,1.669954737027486
679,1.6698776086171467
680,1.669710675875346
681,1.6695878108342488
682,1.669399579366048
683,1.6692931652069092
684,1.669169843196869
685,1.6689992547035217
686,1.668817361195882
687,1.6687434713045757
688,1.6686201492945354
689,1.668444832166036
690,1.6684006253878276
691,1.6682135065396626
692,1.6680171887079875
693,1.6678953766822815
694,1.667717715104421
695,1.6675983468691509
696,1.6674825151761372
697,1.6672393083572388
698,1.6670697331428528
699,1.667025864124298
700,1.6670773426691692
701,1.666717271010081
702,1.6665573716163635
703,1.6664354801177979
704,1.66634605328242
705,1.6661697030067444
706,1.666025439898173
707,1.6659015814463298
708,1.6658249696095784
709,1.66573299964269
710,1.6656437118848164
711,1.665288468201955
712,1.6651533842086792
713,1.6650139689445496
714,1.6649567286173503
715,1.6647392710049946
716,1.6646293203035991
717,1.664471169312795
718,1.6643993258476257
719,1.6643708944320679
720,1.6641430656115215
721,1.6640584667523701
722,1.6638917326927185
723,1.6637800733248393
724,1.663744866847992
725,1.6633599996566772
726,1.663218379020691
727,1.6631433367729187
728,1.6630276640256245
729,1.6628784537315369
730,1.6626113454500835
731,1.6627447406450908
732,1.6624270677566528
733,1.6622348030408223
734,1.662126084168752
735,1.662035087744395
736,1.6618526975313823
737,1.6617438793182373
738,1.6615270972251892
739,1.6613796750704448
740,1.6613277395566304
741,1.6613683700561523
742,1.6610878507296245
743,1.6609366536140442
744,1.6607862909634907
745,1.6605714360872905
746,1.6605413953463237
747,1.660457452138265
748,1.660170316696167
749,1.6601243416468303
750,1.6599621176719666
751,1.6597940723101299
752,1.6597033739089966
753,1.6595827142397563
754,1.6594780484835308
755,1.6591798464457195
756,1.6590986847877502
757,1.658959408601125
758,1.658854862054189
759,1.6586004495620728
760,1.658548931280772
761,1.6584166089693706
762,1.6582515239715576
763,1.658102532227834
764,1.6580177744229634
765,1.6579099694887798
766,1.657741943995158
767,1.6575994690259297
768,1.6574981212615967
769,1.6575506329536438
770,1.657139499982198
771,1.6570428609848022
772,1.6568817893664043
773,1.656724790732066
774,1.6567214727401733
775,1.6564908027648926
776,1.6563660701115925
777,1.6561548908551533
778,1.6561647454897563
779,1.656018356482188
780,1.65581214427948
781,1.6557400226593018
782,1.655648907025655
783,1.6554553111394246
784,1.65526682138443
785,1.655098557472229
786,1.654947539170583
787,1.6548758347829182
788,1.654821793238322
789,1.6545974612236023
790,1.6545767784118652
791,1.654380162556966
792,1.6543498635292053
793,1.654163698355357
794,1.6540215214093525
795,1.6537970304489136
796,1.653762936592102
797,1.6534987489382427
798,1.6534082690874736
799,1.6532495816548665
800,1.6530538598696392
801,1.652992069721222
802,1.6528279781341553
803,1.6527148485183716
804,1.652594228585561
805,1.6524571577707927
806,1.6523281534512837
807,1.6522168914477031
808,1.6521655718485515
809,1.6519460280736287
810,1.6519158681233723
811,1.6518977681795757
812,1.6518216927846272
813,1.6515018542607625
814,1.6512837608655293
815,1.6512243350346882
816,1.651145299275716
817,1.651004711786906
818,1.6508346398671467
819,1.6508188247680664
820,1.6505757371584575
821,1.6503262519836426
822,1.6502390503883362
823,1.65017569065094
824,1.6499192714691162
825,1.6497677167256672
826,1.6497109333674114
827,1.6495417952537537
828,1.6493669152259827
829,1.6494383613268535
830,1.6491709152857463
831,1.6491122245788574
832,1.6489378809928894
833,1.648708740870158
834,1.6485275427500408
835,1.6485845843950908
836,1.64848659435908
837,1.6484294732411702
838,1.648086706797282
839,1.647991935412089
840,1.6480977336565654
841,1.6477593382199605
842,1.64751132329305
843,1.6474456985791524
844,1.6473381121953328
845,1.6472530961036682
846,1.647099455197652
847,1.6471240917841594
848,1.6467450261116028
849,1.6467283566792805
850,1.6465907295544941
851,1.6466302275657654
852,1.6464048624038696
853,1.646171788374583
854,1.6459492643674214
855,1.645928144454956
856,1.6460400621096294
857,1.645665963490804
858,1.645646095275879
859,1.645350952943166
860,1.6453022162119548
861,1.6451297203699748
862,1.64505934715271
863,1.644953191280365
864,1.6445767482121785
865,1.6445813179016113
866,1.6444533268610637
867,1.644465704758962
868,1.6441447933514912
869,1.6442042986551921
870,1.644004722436269
871,1.6437493960062664
872,1.6439389785130818
873,1.6435056328773499
874,1.6436350345611572
875,1.6433865030606587
876,1.6432246764500935
877,1.6429216464360554
878,1.6428470015525818
879,1.6427965760231018
880,1.6426027218500774
881,1.6426486174265544
882,1.642289896806081
883,1.6423607269922893
884,1.642148534456889
885,1.6421234607696533
886,1.6419369379679363
887,1.6416704058647156
888,1.641801377137502
889,1.6417382558186848
890,1.6416038870811462
891,1.6415097117424011
892,1.64116632938385
893,1.641083816687266
894,1.6408515969912212
895,1.6409117182095845
896,1.6407029032707214
897,1.6406105756759644
898,1.640479862689972
899,1.6402544975280762
900,1.6403526663780212
901,1.640139361222585
902,1.6398406624794006
903,1.6398297548294067
904,1.63979838291804
905,1.6394885579744976
906,1.6394269069035847
907,1.6391955812772114
908,1.6392640868822734
909,1.639024794101715
910,1.6389931042989094
911,1.6388753255208333
912,1.6388415694236755
913,1.6386472582817078
914,1.6387279033660889
915,1.6382725636164348
916,1.63814381758372
917,1.6379214525222778
918,1.6379191080729167
919,1.6378966569900513
920,1.6378308335940044
921,1.6378644307454426
922,1.637440264225006
923,1.6376558939615886
924,1.637259840965271
925,1.6372317870457966
926,1.6369370023409526
927,1.637450377146403
928,1.6367091139157612
929,1.6366578340530396
930,1.6365913550059001
931,1.636575957139333
932,1.6364772121111553
933,1.6362873713175456
934,1.6360371311505635
935,1.6359999577204387
936,1.6357861558596294
937,1.6359389225641887
938,1.6355770230293274
939,1.6354785958925884
940,1.6352850794792175
941,1.6353746851285298
942,1.6352214415868123
943,1.6349325776100159
944,1.6348538994789124
945,1.6349115173021953
946,1.6347179810206096
947,1.6346779266993205
948,1.634335994720459
949,1.634325424830119
950,1.6342060764630635
951,1.6341044902801514
952,1.6341865261395772
953,1.6339666446050007
954,1.6337718963623047
955,1.633673330148061
956,1.6336885293324788
957,1.6335585514704387
958,1.6332898537317913
959,1.6332018574078877
960,1.6332524021466572
961,1.6330715616544087
962,1.6331851879755657
963,1.6329318682352703
964,1.6327136754989624
965,1.6325448354085286
966,1.632546563943227
967,1.6324100097020466
968,1.632263680299123
969,1.632027010122935
970,1.6322590311368306
971,1.6319450736045837
972,1.6318887273470561
973,1.6317060192426045
974,1.6315067807833354
975,1.6314272085825603
976,1.6313557823499043
977,1.6312556465466816
978,1.6314174334208171
979,1.6312410831451416
980,1.6312496463457744
981,1.6310956478118896
982,1.63081290324529
983,1.630627453327179
984,1.6306487321853638
985,1.6304486393928528
986,1.6302122672398884
987,1.630201021830241
988,1.630155324935913
989,1.6302303473154705
990,1.6298924088478088
991,1.6297127207120259
992,1.6295697093009949
993,1.6297726432482402
994,1.6294703086217244
995,1.6293996175130208
996,1.6292543808619182
997,1.6290674010912578
998,1.6291208465894063
999,1.6289971073468525
1000,1.6289170980453491
1001,1.6288485924402873
1002,1.6287237803141277
1003,1.6286157369613647
1004,1.628394862016042
1005,1.6284192403157551
1006,1.6281170845031738
1007,1.6280972957611084
1008,1.6279826164245605
1009,1.6279772718747456
1010,1.6278493007024128
1011,1.6277510523796082
1012,1.627703070640564
1013,1.6276313463846843
1014,1.627418080965678
1015,1.62730073928833
1016,1.6273091832796733
1017,1.6271302501360576
1018,1.6272571285565693
1019,1.62680184841156
1020,1.6267456610997517
1021,1.626754144827525
1022,1.6265855232874553
1023,1.6264266967773438
1024,1.6263964573542278
1025,1.6264392932256062
1026,1.62632421652476
1027,1.6262004176775615
1028,1.6263447006543477
1029,1.6260338226954143
1030,1.6257457335789998
1031,1.6255976756413777
1032,1.6255325476328533
1033,1.6254342794418335
1034,1.6253432432810466
1035,1.625419557094574
1036,1.6253210703531902
1037,1.6250792344411213
1038,1.6251239975293477
1039,1.6247839728991191
1040,1.6248028874397278
1041,1.6246655583381653
1042,1.6245322624842327
1043,1.6246666709582012
1044,1.6244280735651653
1045,1.6242555975914001
1046,1.6243215401967366
1047,1.6241289973258972
1048,1.624123712380727
1049,1.623993953069051
1050,1.62373282512029
1051,1.6236412922541301
1052,1.6235049565633137
1053,1.6235836744308472
1054,1.623548408349355
1055,1.6236552794774373
1056,1.623276710510254
1057,1.623324195543925
1058,1.623000164826711
1059,1.6229422688484192
1060,1.6230697631835938
1061,1.6228391528129578
1062,1.6225716074307759
1063,1.6226341327031453
1064,1.622545301914215
1065,1.622302273909251
1066,1.6222590605417888
1067,1.622078279654185
1068,1.6221357583999634
1069,1.622090498606364
1070,1.6217720905939739
1071,1.621690074602763
1072,1.621587097644806
1073,1.621615469455719
1074,1.6216628352801006
1075,1.6213751435279846
1076,1.6213560303052266
1077,1.6210629343986511
1078,1.621110240618388
1079,1.6209994554519653
1080,1.6208826104799907
1081,1.620866338411967
1082,1.6207046906153362
1083,1.620662530263265
1084,1.62050461769104
1085,1.6204487482706706
1086,1.6202335755030315
1087,1.6203705469767253
1088,1.6200576225916545
1089,1.6199605464935303
1090,1.6199297706286113
1091,1.6198745767275493
1092,1.6198346018791199
1093,1.6198490460713704
1094,1.619725227355957
1095,1.6194613774617512
1096,1.6195852955182393
1097,1.6192378799120586
1098,1.6189709305763245
1099,1.6190213561058044
1100,1.6189595659573872
1101,1.6188659071922302
1102,1.6188576221466064
1103,1.6187188029289246
1104,1.618624707063039
1105,1.6184932192166646
1106,1.6184104681015015
1107,1.6183093190193176
1108,1.618121325969696
1109,1.6180931329727173
1110,1.618072231610616
1111,1.6178555885950725
1112,1.6178359985351562
1113,1.6177298227945964
1114,1.6177440683046977
1115,1.617682655652364
1116,1.6175662279129028
1117,1.6174746950467427
1118,1.6173296173413594
1119,1.617296040058136
1120,1.6171974937121074
1121,1.6170013348261516
1122,1.6169548034667969
1123,1.6167372465133667
1124,1.6166708668073018
1125,1.6167783339818318
1126,1.6165499885876973
1127,1.616410533587138
1128,1.6162859002749126
1129,1.6163796186447144
1130,1.6162339250246684
1131,1.6161418557167053
1132,1.6160735289255779
1133,1.6160964568456013
1134,1.61594820022583
1135,1.6156337062517803
1136,1.6156813502311707
1137,1.6155673265457153
1138,1.615526258945465
1139,1.6152822971343994
1140,1.6154286066691081
1141,1.6153135101000469
1142,1.6152342359224956
1143,1.6150744557380676
1144,1.614765961964925
1145,1.6148912906646729
1146,1.6147552331288655
1147,1.6145610213279724
1148,1.6145250797271729
1149,1.6145661075909932
1150,1.6144476930300395
1151,1.6143575708071392
1152,1.6143999894460042
1153,1.614194393157959
1154,1.6141612728436787
1155,1.6141124963760376
1156,1.613866130510966
1157,1.6138046185175579
1158,1.613664487997691
1159,1.6136874953905742
1160,1.6134368975957234
1161,1.6136069496472676
1162,1.6134228905042012
1163,1.6131764650344849
1164,1.6132503350575764
1165,1.6132934093475342
1166,1.6132171948750813
1167,1.6128196318944295
1168,1.612935225168864
1169,1.6126009424527485
1170,1.612605134646098
1171,1.6124213139216106
1172,1.612496058146159
1173,1.6122679710388184
1174,1.6120931307474773
1175,1.6122243007024128
1176,1.6121013363202412
1177,1.6119954188664753
1178,1.6117989023526509
1179,1.611722429593404
1180,1.6120452483495076
1181,1.611626108487447
1182,1.6114195187886555
1183,1.6114450891812642
1184,1.611250599225362
1185,1.6111947099367778
1186,1.611112614472707
1187,1.6111495892206829
1188,1.6113234559694927
1189,1.61078542470932
1190,1.6108004053433735
1191,1.610667924086253
1192,1.6105764309565227
1193,1.6105189720789592
1194,1.6104344526926677
1195,1.610263188680013
1196,1.6103645364443462
1197,1.6101523240407307
1198,1.6099705894788106
1199,1.609987477461497
1200,1.6097002228101094
1201,1.6098804473876953
1202,1.6099433104197185
1203,1.6094786127408345
1204,1.6093977689743042
1205,1.6096760034561157
1206,1.609191119670868
1207,1.6091752847035725
1208,1.6092109084129333
1209,1.6089967886606853
1210,1.6089732845624287
1211,1.6087255875269573
1212,1.6086837251981099
1213,1.6087493896484375
1214,1.6086516976356506
1215,1.6084046363830566
1216,1.6083540320396423
1217,1.6080398956934612
1218,1.6083110173543294
1219,1.6080872416496277
1220,1.6081282496452332
1221,1.6081649661064148
1222,1.6077458262443542
1223,1.6075921853383381
1224,1.607705573240916
1225,1.6084160208702087
1226,1.607517917950948
1227,1.6077635288238525
1228,1.60749089717865
1229,1.6070421536763508
1230,1.6069677869478862
1231,1.6070335110028584
1232,1.6068619290987651
1233,1.6067723631858826
1234,1.6067247986793518
1235,1.6067999601364136
1236,1.6068344910939534
1237,1.606735646724701
1238,1.6068599224090576
1239,1.6061713894208272
1240,1.6060754656791687
1241,1.6060433785120647
1242,1.6058114568392436
1243,1.6059287389119465
1244,1.605940580368042
1245,1.6059954762458801
1246,1.6059004267056782
1247,1.605944832166036
1248,1.6053056518236797
1249,1.6051702896753948
1250,1.6053841710090637
1251,1.605373481909434
1252,1.6052028338114421
1253,1.6051273147265117
1254,1.6046753525733948
1255,1.6045514345169067
1256,1.6046738823254902
1257,1.6047075986862183
1258,1.6044082244237263
1259,1.6044179399808247
1260,1.6044747630755107
1261,1.6042662461598713
1262,1.6040826042493184
1263,1.6041573683420818
1264,1.6039496660232544
1265,1.6038432121276855
1266,1.6037410298983257
1267,1.6036234299341838
1268,1.603746195634206
1269,1.6034850478172302
1270,1.6034676035245259
1271,1.6031531691551208
1272,1.6032198667526245
1273,1.6029895146687825
1274,1.6029942234357197
1275,1.602904498577118
1276,1.6027036905288696
1277,1.6028169592221577
1278,1.6028273701667786
1279,1.6026480396588643
1280,1.6023756464322407
1281,1.6024219393730164
1282,1.6024101972579956
1283,1.6021745602289836
1284,1.6022414962450664
1285,1.602035125096639
1286,1.6019999980926514
1287,1.6016907493273418
1288,1.601791222890218
1289,1.6015011469523113
1290,1.6014896829922993
1291,1.6015146374702454
1292,1.6013745069503784
1293,1.6013672947883606
1294,1.6011087497075398
1295,1.6010234554608662
1296,1.6009538769721985
1297,1.6009593804677327
1298,1.6007448236147563
1299,1.6006546815236409
1300,1.6007280945777893
1301,1.6004876693089802
1302,1.6004594167073567
1303,1.600753645102183
1304,1.600551724433899
1305,1.6002222895622253
1306,1.6001875003178914
1307,1.6001553336779277
1308,1.6002713044484456
1309,1.5998424291610718
1310,1.6000333825747173
1311,1.5999772349993389
1312,1.5997661153475444
1313,1.5996304750442505
1314,1.599443515141805
1315,1.5997188091278076
1316,1.5993363658587139
1317,1.599299927552541
1318,1.5991793672243755
1319,1.5989877581596375
1320,1.5987974007924397
1321,1.5989464124043782
1322,1.5987715323766072
1323,1.5987645785013835
1324,1.599051793416341
1325,1.5991427501042683
1326,1.5984867215156555
1327,1.5986385544141133
1328,1.5984310110410054
1329,1.5981707572937012
1330,1.5985374450683594
1331,1.5982541839281719
1332,1.5980545282363892
1333,1.5979340473810832
1334,1.5977423985799153
1335,1.5981085896492004
1336,1.597766677538554
1337,1.5974290172259014
1338,1.597459038098653
1339,1.5973005294799805
1340,1.5972862243652344
1341,1.597253143787384
1342,1.5970725417137146
1343,1.5970260898272197
1344,1.596874217192332
1345,1.5970239440600078
1346,1.596890151500702
1347,1.596910039583842
1348,1.596685787041982
1349,1.5965891083081563
1350,1.5966017643610637
1351,1.5963038404782612
1352,1.596330960591634
1353,1.596557080745697
1354,1.596388836701711
1355,1.5960442225138347
1356,1.5959320664405823
1357,1.5961553653081257
1358,1.5958243608474731
1359,1.5957471132278442
1360,1.5956593950589497
1361,1.595690170923869
1362,1.595517377058665
1363,1.5957038005193074
1364,1.5954708059628804
1365,1.5952319900194805
1366,1.5950829982757568
1367,1.5952910979588826
1368,1.5952356457710266
1369,1.5949564774831135
1370,1.5950145324071248
1371,1.5949145356814067
1372,1.59473450978597
1373,1.5945710341135662
1374,1.5946356852849324
1375,1.5945021112759907
1376,1.5942958394686382
1377,1.5947168668111165
1378,1.5944017966588337
1379,1.5941311319669087
1380,1.5942716399828594
1381,1.5941803256670635
1382,1.5941852529843648
1383,1.5939008990923564
1384,1.5941165884335835
1385,1.5938110152880351
1386,1.5937272310256958
1387,1.5939912398656209
1388,1.593392829100291
1389,1.5935923059781392
1390,1.593380828698476
1391,1.593315323193868
1392,1.5931071837743123
1393,1.5931424498558044
1394,1.5930935740470886
1395,1.5928735335667927
1396,1.5928073326746623
1397,1.5927314758300781
1398,1.5929481585820515
1399,1.593037982781728
1400,1.5927486220995586
1401,1.592773695786794
1402,1.592268208662669
1403,1.5922931631406148
1404,1.592298110326131
1405,1.5920546650886536
1406,1.592007577419281
1407,1.5919065674146016
1408,1.5919400453567505
1409,1.5917805433273315
1410,1.5916719834009807
1411,1.591611663500468
1412,1.5916110475858052
1413,1.5915013551712036
1414,1.5913604100545247
1415,1.591460684935252
1416,1.5915208061536152
1417,1.591126064459483
1418,1.5912385980288188
1419,1.5911702911059062
1420,1.5911068121592205
1421,1.5909058451652527
1422,1.5907307664553325
1423,1.5906996726989746
1424,1.5908315777778625
1425,1.5904709299405415
1426,1.590568999449412
1427,1.590680181980133
1428,1.5905859271685283
1429,1.5904830694198608
1430,1.5903931458791096
1431,1.5903111696243286
1432,1.590076704819997
1433,1.5900388757387798
1434,1.5898707310358684
1435,1.5898475845654805
1436,1.5899184346199036
1437,1.589679479598999
1438,1.5897952914237976
1439,1.5895360509554546
1440,1.5894992351531982
1441,1.589480956395467
1442,1.5893103679021199
1443,1.5894463260968525
1444,1.5893427729606628
1445,1.589106281598409
1446,1.5889235734939575
1447,1.5889965295791626
1448,1.5888280272483826
1449,1.5890342990557353
1450,1.5887744228045146
1451,1.588561733563741
1452,1.588658074537913
1453,1.5882760286331177
1454,1.5884648561477661
1455,1.5887226661046345
1456,1.588283399740855
1457,1.5881662170092266
1458,1.5883918205897014
1459,1.5879919330279033
1460,1.5879746476809184
1461,1.5879645943641663
1462,1.5877840518951416
1463,1.5877520243326824
1464,1.5878718495368958
1465,1.5874199271202087
1466,1.5878933469454448
1467,1.5874188741048176
1468,1.5873996814092
1469,1.5874908765157063
1470,1.587266703446706
1471,1.5871383150418599
1472,1.5870915055274963
1473,1.5872519810994465
1474,1.5869196852048237
1475,1.5868786573410034
1476,1.5869336326917012
1477,1.5866787036259968
1478,1.5866342584292095
1479,1.5866204897562664
1480,1.586498538653056
1481,1.5863341093063354
1482,1.586294690767924
1483,1.586225430170695
1484,1.5861667394638062
1485,1.586158553759257
1486,1.5860663652420044
1487,1.5860462188720703
1488,1.586052378018697
1489,1.5859286387761433
1490,1.5858401656150818
1491,1.5857580304145813
1492,1.5858713189760845
1493,1.5856074690818787
1494,1.5859269897143047
1495,1.5852551658948262
1496,1.5852882464726765
1497,1.5855394999186199
1498,1.5853775143623352
1499,1.585203230381012
1500,1.5849355061848958
1501,1.5848767757415771
1502,1.5849453806877136
1503,1.5849503477414448
1504,1.584953784942627
1505,1.5846935709317524
1506,1.5846275687217712
1507,1.5844590663909912
1508,1.5843352278073628
1509,1.584502120812734
1510,1.584323565165202
1511,1.5847156445185344
1512,1.5842460195223491
1513,1.584126889705658
1514,1.5840216676394145
1515,1.5839390357335408
1516,1.5838605761528015
1517,1.5837353269259136
1518,1.5836471915245056
1519,1.5839725931485493
1520,1.5835674405097961
1521,1.5834031105041504
1522,1.5835828185081482
1523,1.5834375421206157
1524,1.5833547115325928
1525,1.583296298980713
1526,1.583333174387614
1527,1.5831000407536824
1528,1.5830176671346028
1529,1.583203117052714
1530,1.5831601023674011
1531,1.5828410188357036
1532,1.5827401479085286
1533,1.582554558912913
1534,1.582485814889272
1535,1.5825159748395283
1536,1.5824042359987895
1537,1.5822547475496929
1538,1.5823217233022053
1539,1.5823563536008198
1540,1.5821208953857422
1541,1.5822223623593648
1542,1.5824413895606995
1543,1.5820109446843464
1544,1.5819487969080608
1545,1.581834355990092
1546,1.5817553599675496
1547,1.5816422303517659
1548,1.581597665945689
1549,1.581628441810608
1550,1.5815020203590393
1551,1.5813198486963909
1552,1.5813300410906475
1553,1.5812348524729412
1554,1.5811142722765605
1555,1.5811614791552226
1556,1.5809700886408489
1557,1.581205149491628
1558,1.5809797843297322
1559,1.5810404817263286
1560,1.5808783570925395
1561,1.5807104309399922
1562,1.5806484818458557
1563,1.5805762807528179
1564,1.5806275606155396
1565,1.5803874929745991
1566,1.5804015795389812
1567,1.5803407629330952
1568,1.5800849397977192
1569,1.5800138314565022
1570,1.5800320506095886
1571,1.5799564917882283
1572,1.579826811949412
1573,1.579873502254486
1574,1.5796924630800884
1575,1.579714556535085
1576,1.5796785553296406
1577,1.5795957843462627
1578,1.5795544187227886
1579,1.5794607003529866
1580,1.5794586340586345
1581,1.5795113444328308
1582,1.5793527166048686
1583,1.579252302646637
1584,1.5792795221010845
1585,1.5792921384175618
1586,1.5788458784421284
1587,1.5790473620096843
1588,1.5792908469835918
1589,1.5789390603701274
1590,1.5788285533587139
1591,1.5785015225410461
1592,1.5784188310305278
1593,1.578393816947937
1594,1.5783482988675435
1595,1.5784179170926411
1596,1.5781625707944233
1597,1.5780926545461018
1598,1.5780436197916667
1599,1.578015406926473
